0 0
1e-05 0
1.001e-05 -5
1.1e-05 -5
1.101e-05 0
1.6e-05 0
1.601e-05 -0.2
2.6e-05 0.5
2.601e-05 0
3.1e-05 0
3.101e-05 2.3
3.2e-05 2.3
3.201e-05 0
3.7e-05 0
3.701e-05 -0.2
4.7e-05 0.5
4.701e-05 0
5.2e-05 0
5.201e-05 2.3
5.3e-05 2.3
5.301e-05 0
5.8e-05 0
5.801e-05 -0.2
6.8e-05 0.5
6.801e-05 0
7.3e-05 0
7.301e-05 2.3
7.4e-05 2.3
7.401e-05 0
7.9e-05 0
7.901e-05 -0.2
8.9e-05 0.5
8.901e-05 0
9.4e-05 0
9.401e-05 2.3
9.5e-05 2.3
9.501e-05 0
0.0001 0
0.00010001 -0.2
0.00011 0.5
0.00011001 0
0.000115 0
0.00011501 2.3
0.000116 2.3
0.00011601 0
0.000121 0
0.00012101 -0.2
0.000131 0.5
0.00013101 0
0.000136 0
0.00013601 2.3
0.000137 2.3
0.00013701 0
0.000142 0
0.00014201 -0.2
0.000152 0.5
0.00015201 0
0.000157 0
0.00015701 2.3
0.000158 2.3
0.00015801 0
0.000163 0
0.00016301 -0.2
0.000173 0.5
0.00017301 0
0.000178 0
0.00017801 2.3
0.000179 2.3
0.00017901 0
0.000184 0
0.00018401 -0.2
0.000194 0.5
0.00019401 0
0.000199 0
0.00019901 2.3
0.0002 2.3
0.00020001 0
0.000205 0
0.00020501 -0.2
0.000215 0.5
0.00021501 0
0.00022 0
0.00022001 2.3
0.000221 2.3
0.00022101 0
0.000226 0
0.00022601 -0.2
0.000236 0.5
0.00023601 0
0.000241 0
0.00024101 2.3
0.000242 2.3
0.00024201 0
0.000247 0
0.00024701 -0.2
0.000257 0.5
0.00025701 0
0.000262 0
0.00026201 2.3
0.000263 2.3
0.00026301 0
0.000268 0
0.00026801 -0.2
0.000278 0.5
0.00027801 0
0.000283 0
0.00028301 2.3
0.000284 2.3
0.00028401 0
0.000289 0
0.00028901 -0.2
0.000299 0.5
0.00029901 0
0.000304 0
0.00030401 2.3
0.000305 2.3
0.00030501 0
0.00031 0
0.00031001 -0.2
0.00032 0.5
0.00032001 0
0.000325 0
0.00032501 2.3
0.000326 2.3
0.00032601 0
0.000331 0
0.00033101 -0.2
0.000341 0.5
0.00034101 0
0.000346 0
0.00034601 2.3
0.000347 2.3
0.00034701 0
0.000352 0
0.00035201 -0.2
0.000362 0.5
0.00036201 0
0.000367 0
0.00036701 2.3
0.000368 2.3
0.00036801 0
0.000373 0
0.00037301 -0.2
0.000383 0.5
0.00038301 0
0.000388 0
0.00038801 2.3
0.000389 2.3
0.00038901 0
0.000394 0
0.00039401 -0.2
0.000404 0.5
0.00040401 0
0.000409 0
0.00040901 2.3
0.00041 2.3
0.00041001 0
0.000415 0
0.00041501 -0.2
0.000425 0.5
0.00042501 0
0.00043 0
0.00043001 2.3
0.000431 2.3
0.00043101 0
0.000436 0
0.00043601 -0.2
0.000446 0.5
0.00044601 0
0.000451 0
0.00045101 2.3
0.000452 2.3
0.00045201 0
0.000457 0
0.00045701 -0.2
0.000467 0.5
0.00046701 0
0.000472 0
0.00047201 2.3
0.000473 2.3
0.00047301 0
0.000478 0
0.00047801 -0.2
0.000488 0.5
0.00048801 0
0.000493 0
0.00049301 2.3
0.000494 2.3
0.00049401 0
0.000499 0
0.00049901 -0.2
0.000509 0.5
0.00050901 0
0.000514 0
0.00051401 2.3
0.000515 2.3
0.00051501 0
0.00052 0
0.00052001 -0.2
0.00053 0.5
0.00053001 0
0.000535 0
0.00053501 2.3
0.000536 2.3
0.00053601 0
0.000541 0
0.00054101 -0.2
0.000551 0.5
0.00055101 0
0.000556 0
0.00055601 2.3
0.000557 2.3
0.00055701 0
0.000562 0
0.00056201 -0.2
0.000572 0.5
0.00057201 0
0.000577 0
0.00057701 2.3
0.000578 2.3
0.00057801 0
0.000583 0
0.00058301 -0.2
0.000593 0.5
0.00059301 0
0.000598 0
0.00059801 2.3
0.000599 2.3
0.00059901 0
0.000604 0
0.00060401 -0.2
0.000614 0.5
0.00061401 0
0.000619 0
0.00061901 2.3
0.00062 2.3
0.00062001 0
0.000625 0
0.00062501 -0.2
0.000635 0.5
0.00063501 0
0.00064 0
0.00064001 2.3
0.000641 2.3
0.00064101 0
0.000646 0
0.00064601 -0.2
0.000656 0.5
0.00065601 0
0.000661 0
0.00066101 2.3
0.000662 2.3
0.00066201 0
0.000667 0
0.00066701 -0.2
0.000677 0.5
0.00067701 0
0.000682 0
0.00068201 2.3
0.000683 2.3
0.00068301 0
0.000688 0
0.00068801 -0.2
0.000698 0.5
0.00069801 0
0.000703 0
0.00070301 2.3
0.000704 2.3
0.00070401 0
0.000709 0
0.00070901 -0.2
0.000719 0.5
0.00071901 0
0.000724 0
0.00072401 2.3
0.000725 2.3
0.00072501 0
0.00073 0
0.00073001 -0.2
0.00074 0.5
0.00074001 0
0.000745 0
0.00074501 2.3
0.000746 2.3
0.00074601 0
0.000751 0
0.00075101 -0.2
0.000761 0.5
0.00076101 0
0.000766 0
0.00076601 2.3
0.000767 2.3
0.00076701 0
0.000772 0
0.00077201 -0.2
0.000782 0.5
0.00078201 0
0.000787 0
0.00078701 2.3
0.000788 2.3
0.00078801 0
0.000793 0
0.00079301 -0.2
0.000803 0.5
0.00080301 0
0.000808 0
0.00080801 2.3
0.000809 2.3
0.00080901 0
0.000814 0
0.00081401 -0.2
0.000824 0.5
0.00082401 0
0.000829 0
0.00082901 2.3
0.00083 2.3
0.00083001 0
0.000835 0
0.00083501 -0.2
0.000845 0.5
0.00084501 0
0.00085 0
0.00085001 2.3
0.000851 2.3
0.00085101 0
0.000856 0
0.00085601 -0.2
0.000866 0.5
0.00086601 0
0.000871 0
0.00087101 2.3
0.000872 2.3
0.00087201 0
0.000877 0
0.00087701 -0.2
0.000887 0.5
0.00088701 0
0.000892 0
0.00089201 2.3
0.000893 2.3
0.00089301 0
0.000898 0
0.00089801 -0.2
0.000908 0.5
0.00090801 0
0.000913 0
0.00091301 2.3
0.000914 2.3
0.00091401 0
0.000919 0
0.00091901 -0.2
0.000929 0.5
0.00092901 0
0.000934 0
0.00093401 2.3
0.000935 2.3
0.00093501 0
0.00094 0
0.00094001 -0.2
0.00095 0.5
0.00095001 0
0.000954999999999999 0
0.00095501 2.3
0.000955999999999999 2.3
0.00095601 0
0.000961 0
0.00096101 -0.2
0.000971 0.5
0.000971009999999999 0
0.000975999999999999 0
0.000976009999999999 2.3
0.000977 2.3
0.00097701 0
0.000982 0
0.00098201 -0.2
0.000992 0.5
0.00099201 0
0.000996999999999999 0
0.00099701 2.3
0.000998 2.3
0.000998009999999999 0
0.001003 0
0.00100301 -0.2
0.001013 0.5
0.00101301 0
0.001018 0
0.00101801 2.3
0.001019 2.3
0.00101901 0
0.001024 0
0.00102401 -0.2
0.001034 0.5
0.00103401 0
0.001039 0
0.00103901 2.3
0.00104 2.3
0.00104001 0
0.001045 0
0.00104501 -0.2
0.001055 0.5
0.00105501 0
0.00106 0
0.00106001 2.3
0.001061 2.3
0.00106101 0
0.001066 0
0.00106601 -0.2
0.001076 0.5
0.00107601 0
0.001081 0
0.00108101 2.3
0.001082 2.3
0.00108201 0
0.001087 0
0.00108701 -0.2
0.001097 0.5
0.00109701 0
0.001102 0
0.00110201 2.3
0.001103 2.3
0.00110301 0
0.001108 0
0.00110801 -0.2
0.001118 0.5
0.00111801 0
0.001123 0
0.00112301 2.3
0.001124 2.3
0.00112401 0
0.001129 0
0.00112901 -0.2
0.001139 0.5
0.00113901 0
0.001144 0
0.00114401 2.3
0.001145 2.3
0.00114501 0
0.00115 0
0.00115001 -0.2
0.00116 0.5
0.00116001 0
0.001165 0
0.00116501 2.3
0.001166 2.3
0.00116601 0
0.001171 0
0.00117101 -0.2
0.001181 0.5
0.00118101 0
0.001186 0
0.00118601 2.3
0.001187 2.3
0.00118701 0
0.001192 0
0.00119201 -0.2
0.001202 0.5
0.00120201 0
0.001207 0
0.00120701 2.3
0.001208 2.3
0.00120801 0
0.001213 0
0.00121301 -0.2
0.001223 0.5
0.00122301 0
0.001228 0
0.00122801 2.3
0.001229 2.3
0.00122901 0
0.001234 0
0.00123401 -0.2
0.001244 0.5
0.00124401 0
0.001249 0
0.00124901 2.3
0.00125 2.3
0.00125001 0
0.001255 0
0.00125501 -0.2
0.001265 0.5
0.00126501 0
0.00127 0
0.00127001 2.3
0.001271 2.3
0.00127101 0
0.001276 0
0.00127601 -0.2
0.001286 0.5
0.00128601 0
0.001291 0
0.00129101 2.3
0.001292 2.3
0.00129201 0
0.001297 0
0.00129701 -0.2
0.001307 0.5
0.00130701 0
0.001312 0
0.00131201 2.3
0.001313 2.3
0.00131301 0
0.001318 0
0.00131801 -0.2
0.001328 0.5
0.00132801 0
0.001333 0
0.00133301 2.3
0.001334 2.3
0.00133401 0
0.001339 0
0.00133901 -0.2
0.001349 0.5
0.00134901 0
0.001354 0
0.00135401 2.3
0.001355 2.3
0.00135501 0
0.00136 0
0.00136001 -0.2
0.00137 0.5
0.00137001 0
0.001375 0
0.00137501 2.3
0.001376 2.3
0.00137601 0
0.001381 0
0.00138101 -0.2
0.001391 0.5
0.00139101 0
0.001396 0
0.00139601 2.3
0.001397 2.3
0.00139701 0
0.001402 0
0.00140201 -0.2
0.001412 0.5
0.00141201 0
0.001417 0
0.00141701 2.3
0.001418 2.3
0.00141801 0
0.001423 0
0.00142301 -0.2
0.001433 0.5
0.00143301 0
0.001438 0
0.00143801 2.3
0.001439 2.3
0.00143901 0
0.001444 0
0.00144401 -0.2
0.001454 0.5
0.00145401 0
0.001459 0
0.00145901 2.3
0.00146 2.3
0.00146001 0
0.001465 0
0.00146501 -0.2
0.001475 0.5
0.00147501 0
0.00148 0
0.00148001 2.3
0.001481 2.3
0.00148101 0
0.001486 0
0.00148601 -0.2
0.001496 0.5
0.00149601 0
0.001501 0
0.00150101 2.3
0.001502 2.3
0.00150201 0
0.001507 0
0.00150701 -0.2
0.001517 0.5
0.00151701 0
0.001522 0
0.00152201 2.3
0.001523 2.3
0.00152301 0
0.001528 0
0.00152801 -0.2
0.001538 0.5
0.00153801 0
0.001543 0
0.00154301 2.3
0.001544 2.3
0.00154401 0
0.001549 0
0.00154901 -0.2
0.001559 0.5
0.00155901 0
0.001564 0
0.00156401 2.3
0.001565 2.3
0.00156501 0
0.00157 0
0.00157001 -0.2
0.00158 0.5
0.00158001 0
0.001585 0
0.00158501 2.3
0.001586 2.3
0.00158601 0
0.001591 0
0.00159101 -0.2
0.001601 0.5
0.00160101 0
0.001606 0
0.00160601 2.3
0.001607 2.3
0.00160701 0
0.001612 0
0.00161201 -0.2
0.001622 0.5
0.00162201 0
0.001627 0
0.00162701 2.3
0.001628 2.3
0.00162801 0
0.001633 0
0.00163301 -0.2
0.001643 0.5
0.00164301 0
0.001648 0
0.00164801 2.3
0.001649 2.3
0.00164901 0
0.001654 0
0.00165401 -0.2
0.001664 0.5
0.00166401 0
0.001669 0
0.00166901 2.3
0.00167 2.3
0.00167001 0
0.001675 0
0.00167501 -0.2
0.001685 0.5
0.00168501 0
0.00169 0
0.00169001 2.3
0.001691 2.3
0.00169101 0
0.001696 0
0.00169601 -0.2
0.001706 0.5
0.00170601 0
0.001711 0
0.00171101 2.3
0.001712 2.3
0.00171201 0
0.001717 0
0.00171701 -0.2
0.001727 0.5
0.00172701 0
0.001732 0
0.00173201 2.3
0.001733 2.3
0.00173301 0
0.001738 0
0.00173801 -0.2
0.001748 0.5
0.00174801 0
0.001753 0
0.00175301 2.3
0.001754 2.3
0.00175401 0
0.001759 0
0.00175901 -0.2
0.001769 0.5
0.00176901 0
0.001774 0
0.00177401 2.3
0.001775 2.3
0.00177501 0
0.00178 0
0.00178001 -0.2
0.00179 0.5
0.00179001 0
0.001795 0
0.00179501 2.3
0.001796 2.3
0.00179601 0
0.001801 0
0.00180101 -0.2
0.001811 0.5
0.00181101 0
0.001816 0
0.00181601 2.3
0.001817 2.3
0.00181701 0
0.001822 0
0.00182201 -0.2
0.001832 0.5
0.00183201 0
0.001837 0
0.00183701 2.3
0.001838 2.3
0.00183801 0
0.001843 0
0.00184301 -0.2
0.001853 0.5
0.00185301 0
0.001858 0
0.00185801 2.3
0.001859 2.3
0.00185901 0
0.001864 0
0.00186401 -0.2
0.001874 0.5
0.00187401 0
0.001879 0
0.00187901 2.3
0.00188 2.3
0.00188001 0
0.001885 0
0.00188501 -0.2
0.001895 0.5
0.00189501 0
0.0019 0
0.00190001 2.3
0.001901 2.3
0.00190101 0
0.001906 0
0.00190601 -0.2
0.001916 0.5
0.00191601 0
0.001921 0
0.00192101 2.3
0.001922 2.3
0.00192201 0
0.001927 0
0.00192701 -0.2
0.001937 0.5
0.00193701 0
0.001942 0
0.00194201 2.3
0.001943 2.3
0.00194301 0
0.001948 0
0.00194801 -0.2
0.001958 0.5
0.00195801 0
0.001963 0
0.00196301 2.3
0.001964 2.3
0.00196401 0
0.001969 0
0.00196901 -0.2
0.001979 0.5
0.00197901 0
0.001984 0
0.00198401 2.3
0.001985 2.3
0.00198501 0
0.00199 0
0.00199001 -0.2
0.002 0.5
0.00200001 0
0.002005 0
0.00200501 2.3
0.002006 2.3
0.00200601 0
0.002011 0
0.00201101 -0.2
0.002021 0.5
0.00202101 0
0.002026 0
0.00202601 2.3
0.002027 2.3
0.00202701 0
0.002032 0
0.00203201 -0.2
0.002042 0.5
0.00204201 0
0.002047 0
0.00204701 2.3
0.002048 2.3
0.00204801 0
0.002053 0
0.00205301 -0.2
0.002063 0.5
0.00206301 0
0.002068 0
0.00206801 2.3
0.002069 2.3
0.00206901 0
0.002074 0
0.00207401 -0.2
0.002084 0.5
0.00208401 0
0.002089 0
0.00208901 2.3
0.00209 2.3
0.00209001 0
0.002095 0
0.00209501 -0.2
0.002105 0.5
0.00210501 0
0.00211 0
0.00211001 2.3
0.002111 2.3
0.00211101 0
0.002116 0
0.00211601 -0.2
0.002126 0.5
0.00212601 0
0.002131 0
0.00213101 2.3
0.002132 2.3
0.00213201 0
0.002137 0
0.00213701 -0.2
0.002147 0.5
0.00214701 0
0.002152 0
0.00215201 2.3
0.002153 2.3
0.00215301 0
0.002158 0
0.00215801 -0.2
0.002168 0.5
0.00216801 0
0.002173 0
0.00217301 2.3
0.002174 2.3
0.00217401 0
0.002179 0
0.00217901 -0.2
0.002189 0.5
0.00218901 0
0.002194 0
0.00219401 2.3
0.002195 2.3
0.00219501 0
0.0022 0
0.00220001 -0.2
0.00221 0.5
0.00221001 0
0.002215 0
0.00221501 2.3
0.002216 2.3
0.00221601 0
0.002221 0
0.00222101 -0.2
0.002231 0.5
0.00223101 0
0.002236 0
0.00223601 2.3
0.002237 2.3
0.00223701 0
0.002242 0
0.00224201 -0.2
0.002252 0.5
0.00225201 0
0.002257 0
0.00225701 2.3
0.002258 2.3
0.00225801 0
0.002263 0
0.00226301 -0.2
0.002273 0.5
0.00227301 0
0.002278 0
0.00227801 2.3
0.002279 2.3
0.00227901 0
0.002284 0
0.00228401 -0.2
0.002294 0.5
0.00229401 0
0.002299 0
0.00229901 2.3
0.0023 2.3
0.00230001 0
0.002305 0
0.00230501 -0.2
0.002315 0.5
0.00231501 0
0.00232 0
0.00232001 2.3
0.002321 2.3
0.00232101 0
0.002326 0
0.00232601 -0.2
0.002336 0.5
0.00233601 0
0.002341 0
0.00234101 2.3
0.002342 2.3
0.00234201 0
0.002347 0
0.00234701 -0.2
0.002357 0.5
0.00235701 0
0.002362 0
0.00236201 2.3
0.002363 2.3
0.00236301 0
0.002368 0
0.00236801 -0.2
0.002378 0.5
0.00237801 0
0.002383 0
0.00238301 2.3
0.002384 2.3
0.00238401 0
0.002389 0
0.00238901 -0.2
0.002399 0.5
0.00239901 0
0.002404 0
0.00240401 2.3
0.002405 2.3
0.00240501 0
0.00241 0
0.00241001 -0.2
0.00242 0.5
0.00242001 0
0.002425 0
0.00242501 2.3
0.002426 2.3
0.00242601 0
0.002431 0
0.00243101 -0.2
0.002441 0.5
0.00244101 0
0.002446 0
0.00244601 2.3
0.002447 2.3
0.00244701 0
0.002452 0
0.00245201 -0.2
0.002462 0.5
0.00246201 0
0.002467 0
0.00246701 2.3
0.002468 2.3
0.00246801 0
0.002473 0
0.00247301 -0.2
0.002483 0.5
0.00248301 0
0.002488 0
0.00248801 2.3
0.002489 2.3
0.00248901 0
0.002494 0
0.00249401 -0.2
0.002504 0.5
0.00250401 0
0.002509 0
0.00250901 2.3
0.00251 2.3
0.00251001 0
0.002515 0
0.00251501 -0.2
0.002525 0.5
0.00252501 0
0.00253 0
0.00253001 2.3
0.002531 2.3
0.00253101 0
0.002536 0
0.00253601 -0.2
0.002546 0.5
0.00254601 0
0.002551 0
0.00255101 2.3
0.002552 2.3
0.00255201 0
0.002557 0
0.00255701 -0.2
0.002567 0.5
0.00256701 0
0.002572 0
0.00257201 2.3
0.002573 2.3
0.00257301 0
0.002578 0
0.00257801 -0.2
0.002588 0.5
0.00258801 0
0.002593 0
0.00259301 2.3
0.002594 2.3
0.00259401 0
0.002599 0
0.00259901 -0.2
0.002609 0.5
0.00260901 0
0.002614 0
0.00261401 2.3
0.002615 2.3
0.00261501 0
0.00262 0
0.00262001 -0.2
0.00263 0.5
0.00263001 0
0.002635 0
0.00263501 2.3
0.002636 2.3
0.00263601 0
0.002641 0
0.00264101 -0.2
0.002651 0.5
0.00265101 0
0.002656 0
0.00265601 2.3
0.002657 2.3
0.00265701 0
0.002662 0
0.00266201 -0.2
0.002672 0.5
0.00267201 0
0.002677 0
0.00267701 2.3
0.002678 2.3
0.00267801 0
0.002683 0
0.00268301 -0.2
0.002693 0.5
0.00269301 0
0.002698 0
0.00269801 2.3
0.002699 2.3
0.00269901 0
0.002704 0
0.00270401 -0.2
0.00271400000000001 0.5
0.00271401 0
0.002719 0
0.00271901 2.3
0.00272 2.3
0.00272001 0
0.002725 0
0.00272501 -0.2
0.00273500000000001 0.5
0.00273501000000001 0
0.00274000000000001 0
0.00274001 2.3
0.00274100000000001 2.3
0.00274101000000001 0
0.002746 0
0.00274601 -0.2
0.00275600000000001 0.5
0.00275601000000001 0
0.00276100000000001 0
0.00276101000000001 2.3
0.00276200000000001 2.3
0.00276201000000001 0
0.00276700000000001 0
0.00276701000000001 -0.2
0.00277700000000001 0.5
0.00277701000000001 0
0.00278200000000001 0
0.00278201000000001 2.3
0.00278300000000001 2.3
0.00278301000000001 0
0.00278800000000001 0
0.00278801000000001 -0.2
0.00279800000000001 0.5
0.00279801000000001 0
0.00280300000000001 0
0.00280301000000001 2.3
0.00280400000000001 2.3
0.00280401000000001 0
0.00280900000000001 0
0.00280901000000001 -0.2
0.00281900000000001 0.5
0.00281901000000001 0
0.00282400000000001 0
0.00282401000000001 2.3
0.00282500000000001 2.3
0.00282501000000001 0
0.00283000000000001 0
0.00283001000000001 -0.2
0.00284000000000001 0.5
0.00284001000000001 0
0.00284500000000001 0
0.00284501000000001 2.3
0.00284600000000001 2.3
0.00284601000000001 0
0.00285100000000001 0
0.00285101000000001 -0.2
0.00286100000000001 0.5
0.00286101000000001 0
0.00286600000000001 0
0.00286601000000001 2.3
0.00286700000000001 2.3
0.00286701000000001 0
0.00287200000000001 0
0.00287201000000001 -0.2
0.00288200000000001 0.5
0.00288201000000001 0
0.00288700000000001 0
0.00288701000000001 2.3
0.00288800000000001 2.3
0.00288801000000001 0
0.00289300000000001 0
0.00289301000000001 -0.2
0.00290300000000001 0.5
0.00290301000000001 0
0.00290800000000001 0
0.00290801000000001 2.3
0.00290900000000001 2.3
0.00290901000000001 0
0.00291400000000001 0
0.00291401000000001 -0.2
0.00292400000000001 0.5
0.00292401000000001 0
0.00292900000000001 0
0.00292901000000001 2.3
0.00293000000000001 2.3
0.00293001000000001 0
0.00293500000000001 0
0.00293501000000001 -0.2
0.00294500000000001 0.5
0.00294501000000001 0
0.00295000000000001 0
0.00295001000000001 2.3
0.00295100000000001 2.3
0.00295101000000001 0
0.00295600000000001 0
0.00295601000000001 -0.2
0.00296600000000001 0.5
0.00296601000000001 0
0.00297100000000001 0
0.00297101000000001 2.3
0.00297200000000001 2.3
0.00297201000000001 0
0.00297700000000001 0
0.00297701000000001 -0.2
0.00298700000000001 0.5
0.00298701000000001 0
0.00299200000000001 0
0.00299201000000001 2.3
0.00299300000000001 2.3
0.00299301000000001 0
0.00299800000000001 0
0.00299801000000001 -0.2
0.00300800000000001 0.5
0.00300801000000001 0
0.00301300000000001 0
0.00301301000000001 2.3
0.00301400000000001 2.3
0.00301401000000001 0
0.00301900000000001 0
0.00301901000000001 -0.2
0.00302900000000001 0.5
0.00302901000000001 0
0.00303400000000001 0
0.00303401000000001 2.3
0.00303500000000001 2.3
0.00303501000000001 0
0.00304000000000001 0
0.00304001000000001 -0.2
0.00305000000000001 0.5
0.00305001000000001 0
0.00305500000000001 0
0.00305501000000001 2.3
0.00305600000000001 2.3
0.00305601000000001 0
0.00306100000000001 0
0.00306101000000001 -0.2
0.00307100000000001 0.5
0.00307101000000001 0
0.00307600000000001 0
0.00307601000000001 2.3
0.00307700000000001 2.3
0.00307701000000001 0
0.00308200000000001 0
0.00308201000000001 -0.2
0.00309200000000001 0.5
0.00309201000000001 0
0.00309700000000001 0
0.00309701000000001 2.3
0.00309800000000001 2.3
0.00309801000000001 0
0.00310300000000001 0
0.00310301000000001 -0.2
0.00311300000000001 0.5
0.00311301000000001 0
0.00311800000000001 0
0.00311801000000001 2.3
0.00311900000000001 2.3
0.00311901000000001 0
0.00312400000000001 0
0.00312401000000001 -0.2
0.00313400000000001 0.5
0.00313401000000001 0
0.00313900000000001 0
0.00313901000000001 2.3
0.00314000000000001 2.3
0.00314001000000001 0
0.00314500000000001 0
0.00314501000000001 -0.2
0.00315500000000001 0.5
0.00315501000000001 0
0.00316000000000001 0
0.00316001000000001 2.3
0.00316100000000001 2.3
0.00316101000000001 0
0.00316600000000001 0
0.00316601000000001 -0.2
0.00317600000000001 0.5
0.00317601000000001 0
0.00318100000000001 0
0.00318101000000001 2.3
0.00318200000000001 2.3
0.00318201000000001 0
0.00318700000000001 0
0.00318701000000001 -0.2
0.00319700000000001 0.5
0.00319701000000001 0
0.00320200000000001 0
0.00320201000000001 2.3
0.00320300000000001 2.3
0.00320301000000001 0
0.00320800000000001 0
0.00320801000000001 -0.2
0.00321800000000001 0.5
0.00321801000000001 0
0.00322300000000001 0
0.00322301000000001 2.3
0.00322400000000001 2.3
0.00322401000000001 0
0.00322900000000001 0
0.00322901000000001 -0.2
0.00323900000000001 0.5
0.00323901000000001 0
0.00324400000000001 0
0.00324401000000001 2.3
0.00324500000000001 2.3
0.00324501000000001 0
0.00325000000000001 0
0.00325001000000001 -0.2
0.00326000000000001 0.5
0.00326001000000001 0
0.00326500000000001 0
0.00326501000000001 2.3
0.00326600000000001 2.3
0.00326601000000001 0
0.00327100000000001 0
0.00327101000000001 -0.2
0.00328100000000001 0.5
0.00328101000000001 0
0.00328600000000001 0
0.00328601000000001 2.3
0.00328700000000001 2.3
0.00328701000000001 0
0.00329200000000001 0
0.00329201000000001 -0.2
0.00330200000000001 0.5
0.00330201000000001 0
0.00330700000000001 0
0.00330701000000001 2.3
0.00330800000000001 2.3
0.00330801000000001 0
0.00331300000000001 0
0.00331301000000001 -0.2
0.00332300000000001 0.5
0.00332301000000001 0
0.00332800000000001 0
0.00332801000000001 2.3
0.00332900000000001 2.3
0.00332901000000001 0
0.00333400000000001 0
0.00333401000000001 -0.2
0.00334400000000001 0.5
0.00334401000000001 0
0.00334900000000001 0
0.00334901000000001 2.3
0.00335000000000001 2.3
0.00335001000000001 0
0.00335500000000001 0
0.00335501000000001 -0.2
0.00336500000000001 0.5
0.00336501000000001 0
0.00337000000000001 0
0.00337001000000001 2.3
0.00337100000000001 2.3
0.00337101000000001 0
0.00337600000000001 0
0.00337601000000001 -0.2
0.00338600000000001 0.5
0.00338601000000001 0
0.00339100000000001 0
0.00339101000000001 2.3
0.00339200000000001 2.3
0.00339201000000001 0
0.00339700000000001 0
0.00339701000000001 -0.2
0.00340700000000001 0.5
0.00340701000000001 0
0.00341200000000001 0
0.00341201000000001 2.3
0.00341300000000001 2.3
0.00341301000000001 0
0.00341800000000001 0
0.00341801000000001 -0.2
0.00342800000000001 0.5
0.00342801000000001 0
0.00343300000000001 0
0.00343301000000001 2.3
0.00343400000000001 2.3
0.00343401000000001 0
0.00343900000000001 0
0.00343901000000001 -0.2
0.00344900000000001 0.5
0.00344901000000001 0
0.00345400000000001 0
0.00345401000000001 2.3
0.00345500000000001 2.3
0.00345501000000001 0
0.00346000000000001 0
0.00346001000000001 -0.2
0.00347000000000001 0.5
0.00347001000000001 0
0.00347500000000001 0
0.00347501000000001 2.3
0.00347600000000001 2.3
0.00347601000000001 0
0.00348100000000001 0
0.00348101000000001 -0.2
0.00349100000000001 0.5
0.00349101000000001 0
0.00349600000000001 0
0.00349601000000001 2.3
0.00349700000000001 2.3
0.00349701000000001 0
0.00350200000000001 0
0.00350201000000001 -0.2
0.00351200000000001 0.5
0.00351201000000001 0
0.00351700000000001 0
0.00351701000000001 2.3
0.00351800000000001 2.3
0.00351801000000001 0
0.00352300000000001 0
0.00352301000000001 -0.2
0.00353300000000001 0.5
0.00353301000000001 0
0.00353800000000001 0
0.00353801000000001 2.3
0.00353900000000001 2.3
0.00353901000000001 0
0.00354400000000001 0
0.00354401000000001 -0.2
0.00355400000000001 0.5
0.00355401000000001 0
0.00355900000000001 0
0.00355901000000001 2.3
0.00356000000000001 2.3
0.00356001000000001 0
0.00356500000000001 0
0.00356501000000001 -0.2
0.00357500000000001 0.5
0.00357501000000001 0
0.00358000000000001 0
0.00358001000000001 2.3
0.00358100000000001 2.3
0.00358101000000001 0
0.00358600000000001 0
0.00358601000000001 -0.2
0.00359600000000001 0.5
0.00359601000000001 0
0.00360100000000001 0
0.00360101000000001 2.3
0.00360200000000001 2.3
0.00360201000000001 0
0.00360700000000001 0
0.00360701000000001 -0.2
0.00361700000000001 0.5
0.00361701000000001 0
0.00362200000000001 0
0.00362201000000001 2.3
0.00362300000000001 2.3
0.00362301000000001 0
0.00362800000000001 0
0.00362801000000001 -0.2
0.00363800000000001 0.5
0.00363801000000001 0
0.00364300000000001 0
0.00364301000000001 2.3
0.00364400000000001 2.3
0.00364401000000001 0
0.00364900000000001 0
0.00364901000000001 -0.2
0.00365900000000001 0.5
0.00365901000000001 0
0.00366400000000001 0
0.00366401000000001 2.3
0.00366500000000001 2.3
0.00366501000000001 0
0.00367000000000001 0
0.00367001000000001 -0.2
0.00368000000000001 0.5
0.00368001000000001 0
0.00368500000000001 0
0.00368501000000001 2.3
0.00368600000000001 2.3
0.00368601000000001 0
0.00369100000000001 0
0.00369101000000001 -0.2
0.00370100000000001 0.5
0.00370101000000001 0
0.00370600000000001 0
0.00370601000000001 2.3
0.00370700000000001 2.3
0.00370701000000001 0
0.00371200000000001 0
0.00371201000000001 -0.2
0.00372200000000001 0.5
0.00372201000000001 0
0.00372700000000001 0
0.00372701000000001 2.3
0.00372800000000001 2.3
0.00372801000000001 0
0.00373300000000001 0
0.00373301000000001 -0.2
0.00374300000000001 0.5
0.00374301000000001 0
0.00374800000000001 0
0.00374801000000001 2.3
0.00374900000000001 2.3
0.00374901000000001 0
0.00375400000000001 0
0.00375401000000001 -0.2
0.00376400000000001 0.5
0.00376401000000001 0
0.00376900000000001 0
0.00376901000000001 2.3
0.00377000000000001 2.3
0.00377001000000001 0
0.00377500000000001 0
0.00377501000000001 -0.2
0.00378500000000001 0.5
0.00378501000000001 0
0.00379000000000001 0
0.00379001000000001 2.3
0.00379100000000001 2.3
0.00379101000000001 0
0.00379600000000001 0
0.00379601000000001 -0.2
0.00380600000000001 0.5
0.00380601000000001 0
0.00381100000000001 0
0.00381101000000001 2.3
0.00381200000000001 2.3
0.00381201000000001 0
0.00381700000000001 0
0.00381701000000001 -0.2
0.00382700000000001 0.5
0.00382701000000001 0
0.00383200000000001 0
0.00383201000000001 2.3
0.00383300000000001 2.3
0.00383301000000001 0
0.00383800000000001 0
0.00383801000000001 -0.2
0.00384800000000002 0.5
0.00384801000000001 0
0.00385300000000001 0
0.00385301000000001 2.3
0.00385400000000001 2.3
0.00385401000000001 0
0.00385900000000001 0
0.00385901000000001 -0.2
0.00386900000000002 0.5
0.00386901000000002 0
0.00387400000000002 0
0.00387401000000001 2.3
0.00387500000000002 2.3
0.00387501000000002 0
0.00388000000000001 0
0.00388001000000001 -0.2
0.00389000000000002 0.5
0.00389001000000002 0
0.00389500000000002 0
0.00389501000000002 2.3
0.00389600000000002 2.3
0.00389601000000002 0
0.00390100000000002 0
0.00390101000000002 -0.2
0.00391100000000002 0.5
0.00391101000000002 0
0.00391600000000001 0
0.00391601000000001 2.3
0.00391700000000002 2.3
0.00391701000000002 0
0.00392200000000001 0
0.00392201000000001 -0.2
0.00393200000000002 0.5
0.00393201000000002 0
0.00393700000000002 0
0.00393701000000002 2.3
0.00393800000000002 2.3
0.00393801000000002 0
0.00394300000000002 0
0.00394301000000002 -0.2
0.00395300000000002 0.5
0.00395301000000002 0
0.00395800000000002 0
0.00395801000000002 2.3
0.00395900000000002 2.3
0.00395901000000002 0
0.00396400000000002 0
0.00396401000000002 -0.2
0.00397400000000002 0.5
0.00397401000000002 0
0.00397900000000002 0
0.00397901000000002 2.3
0.00398000000000002 2.3
0.00398001000000002 0
0.00398500000000002 0
0.00398501000000002 -0.2
0.00399500000000002 0.5
0.00399501000000002 0
0.00400000000000002 0
0.00400001000000002 2.3
0.00400100000000002 2.3
0.00400101000000002 0
0.00400600000000002 0
0.00400601000000002 -0.2
0.00401600000000002 0.5
0.00401601000000002 0
0.00402100000000002 0
0.00402101000000002 2.3
0.00402200000000002 2.3
0.00402201000000002 0
0.00402700000000002 0
0.00402701000000002 -0.2
0.00403700000000002 0.5
0.00403701000000002 0
0.00404200000000002 0
0.00404201000000002 2.3
0.00404300000000002 2.3
0.00404301000000002 0
0.00404800000000002 0
0.00404801000000002 -0.2
0.00405800000000002 0.5
0.00405801000000002 0
0.00406300000000002 0
0.00406301000000002 2.3
0.00406400000000002 2.3
0.00406401000000002 0
0.00406900000000002 0
0.00406901000000002 -0.2
0.00407900000000002 0.5
0.00407901000000002 0
0.00408400000000002 0
0.00408401000000002 2.3
0.00408500000000002 2.3
0.00408501000000002 0
0.00409000000000002 0
0.00409001000000002 -0.2
0.00410000000000002 0.5
0.00410001000000002 0
0.00410500000000002 0
0.00410501000000002 2.3
0.00410600000000002 2.3
0.00410601000000002 0
0.00411100000000002 0
0.00411101000000002 -0.2
0.00412100000000002 0.5
0.00412101000000002 0
0.00412600000000002 0
0.00412601000000002 2.3
0.00412700000000002 2.3
0.00412701000000002 0
0.00413200000000002 0
0.00413201000000002 -0.2
0.00414200000000002 0.5
0.00414201000000002 0
0.00414700000000002 0
0.00414701000000002 2.3
0.00414800000000002 2.3
0.00414801000000002 0
0.00415300000000002 0
0.00415301000000002 -0.2
0.00416300000000002 0.5
0.00416301000000002 0
0.00416800000000002 0
0.00416801000000002 2.3
0.00416900000000002 2.3
0.00416901000000002 0
0.00417400000000002 0
0.00417401000000002 -0.2
0.00418400000000002 0.5
0.00418401000000002 0
0.00418900000000002 0
0.00418901000000002 2.3
0.00419000000000002 2.3
0.00419001000000002 0
0.00419500000000002 0
0.00419501000000002 -0.2
0.00420500000000002 0.5
0.00420501000000002 0
0.00421000000000002 0
0.00421001000000002 2.3
0.00421100000000002 2.3
0.00421101000000002 0
0.00421600000000002 0
0.00421601000000002 -0.2
0.00422600000000002 0.5
0.00422601000000002 0
